"","ISO_Code","mort20_74","mort20_64","mort20_44","mort45_74","mort45_64"
"1","ALB",0.00457648542783657,0.00255915761098268,0.000936417392679098,0.00818766930102705,0.0046623661320423
"2","AND",0.00325454775506633,0.00205838799418904,0.00068946863626731,0.00558104419910277,0.00361627828515829
"3","ARM",0.00558812168636332,0.00374578550128773,0.000938572353614036,0.0113699199160397,0.00809978702518471
"4","AUT",0.0039778209380312,0.00219618805445855,0.000584351568244601,0.00691996277503813,0.00404908917808532
"5","AZE",0.00563982995485943,0.00412504254929985,0.00128851674048561,0.0124974055969048,0.00921776001149693
"6","BEL",0.0042884844807873,0.00247671504873903,0.000709827499581885,0.00740402634019515,0.00456163772793366
"7","BGR",0.00894462669843203,0.00523811614187933,0.00135794927508372,0.0151400354297336,0.0098171648254133
"8","BIH",0.00633647189821023,0.00371954557174799,0.000793296671929458,0.011177045451166,0.00707927550342579
"9","BLR",0.00809414496680582,0.00558841763021256,0.00186438841745658,0.0141952275795717,0.0102372591136651
"10","CHE",0.00285190729843914,0.00154397794848016,0.000446425353032843,0.005012790723409,0.00286773669068688
"11","CYP",0.00332444079011337,0.00178080938394182,0.000624055572315694,0.00680971555246127,0.00378580808144664
"12","CZE",0.00584884630370972,0.00298085337928032,0.000814797596729178,0.0104517533618341,0.00586143798263114
"13","DEU",0.00471382970344776,0.00274769181191841,0.000642801172844264,0.00789380056260952,0.00493609437759211
"14","DNK",0.0048970455598135,0.00252062162203518,0.000595370435371214,0.00852215426111538,0.00483353208300457
"15","ESP",0.00338624594450378,0.00196960704835276,0.000513371653970756,0.00594262956526225,0.00370404884634465
"16","EST",0.0062674608373273,0.00398380676796656,0.00138379837393743,0.0108271901965923,0.00731461945968408
"17","FIN",0.00475346651264724,0.00256682164648226,0.00077669731204116,0.00799153228945729,0.00471493176873068
"18","FRA",0.00397159881407253,0.00242378153229315,0.000693489783137569,0.00675730212563069,0.00446525781136238
"19","GBR",0.00421454043294467,0.00229215099309067,0.000748287152360511,0.00747306725900143,0.00429744834274231
"20","GEO",0.00823529065575845,0.00554126450813263,0.00180478911044722,0.0147842045973488,0.0104781688086211
"21","GRC",0.00445417402266785,0.00256784253689258,0.000750441787788387,0.00755278179544214,0.00465290321116274
"22","HRV",0.00583477785717936,0.00329923561581246,0.000720346702458961,0.0101128395422853,0.00625016441826965
"23","HUN",0.00764003822678861,0.00458198628676912,0.000895732626578698,0.0137580321828284,0.00926274792226592
"24","IRL",0.0033348142200441,0.00182501761450038,0.000619247416514859,0.00629853082597443,0.00357900251608935
"25","ISL",0.00312921445312289,0.00173205665773215,0.000599736919790295,0.00587060235259604,0.00336772612619755
"26","ISR",0.00271261485042364,0.00152445185050542,0.000504399543400763,0.0056327116054924,0.00336068767401099
"27","ITA",0.0035020617670505,0.00184253489935554,0.000511744557861161,0.00576235683501016,0.00322423061489295
"28","KAZ",0.00676987111521222,0.00512801430177409,0.00234910380052575,0.013712990181986,0.0103713495185137
"29","KGZ",0.00499315951188448,0.00383547907773888,0.00164359790203882,0.0117174983815248,0.00890974730660417
"30","LTU",0.00845071099394384,0.00569549334960988,0.00199562642904362,0.0138601429665679,0.00984733045059942
"31","LUX",0.00342238231644558,0.00203100715555603,0.000628008445982585,0.00635096744572025,0.00391238281670352
"32","LVA",0.0084046124480214,0.00548600922911117,0.00189277483995033,0.0140272800461043,0.00972555101432891
"33","MDA",0.00849933025996964,0.00595219089466267,0.001778971710298,0.0161053323016098,0.0119959617008644
"34","MKD",0.00587406850025372,0.00343469806862341,0.000844050069258716,0.0112644882905775,0.0070897425672711
"35","MLT",0.00446149444566313,0.00207878863641277,0.000619297666920672,0.00789805064283357,0.00401669890320564
"36","MNE",0.00645759662190675,0.00375528487903147,0.000870654402583088,0.0120110871732137,0.00752657664704778
"37","NLD",0.00419806066575038,0.00219707931909092,0.000531537066492703,0.00709719327526568,0.00401226996464438
"38","NOR",0.00353313448086989,0.00183705426479556,0.000595209151524086,0.00635317785168394,0.00347619352231767
"39","POL",0.00623202380417788,0.0039521558086036,0.00108223167420414,0.0114896229985762,0.00794194027902182
"40","PRT",0.00430398780517307,0.00252847085196355,0.00071150143238761,0.00725685225173792,0.00460889238429705
"41","ROU",0.00800906014814489,0.00502489633580498,0.00131965614598938,0.0138226949776243,0.00942116359211359
"42","RUS",0.00916213407864881,0.00690229806600838,0.00332749461792467,0.0152279527203207,0.0116772431727692
"43","SRB",0.0075012674043475,0.00418284314114926,0.000892781377840119,0.0137724857252892,0.00850353960984865
"44","SVK",0.0060187948844876,0.003640969012109,0.000969071938257876,0.011271306444397,0.00738856232706056
"45","SVN",0.00452392691908392,0.0026845144298242,0.000675462450235802,0.00776285663094666,0.00496521960965458
"46","SWE",0.00375850817315692,0.00179680154779572,0.000592777854268461,0.00661064790921882,0.00336946878481632
"47","TJK",0.00460402175180686,0.00364782396024813,0.00166305257078124,0.011513311726626,0.00892126822329495
"48","TKM",0.00661141935188117,0.00514966968775053,0.00227066636596814,0.0146084878091406,0.0112945220766037
"49","TUR",0.00371970011038824,0.00229995324252038,0.00080908105567731,0.00798475971137803,0.00503003988188335
"50","UKR",0.0103512527595361,0.00749739527498509,0.00359730706571863,0.0171326444168104,0.0126189806486457
"51","UZB",0.00597180428338871,0.00451945259812956,0.0018224627146712,0.0142716603520431,0.0107000421567847
